 &plot nbnd=  10, nks=    91 /
            0.000000  0.000000  0.000000
  -21.909   -9.992   -5.393   -5.380    0.858    1.525    1.660    2.667    3.102    4.787
            0.011111  0.019231  0.000000
  -21.901   -9.981   -5.422   -5.407    0.870    1.537    1.672    2.679    3.114    4.799
            0.022222  0.038462  0.000000
  -21.874   -9.950   -5.528   -5.467    0.906    1.574    1.709    2.716    3.150    4.835
            0.033333  0.057692  0.000000
  -21.830   -9.897   -5.702   -5.564    0.966    1.634    1.770    2.776    3.211    4.895
            0.044444  0.076923  0.000000
  -21.769   -9.824   -5.933   -5.696    1.050    1.719    1.855    2.860    3.295    4.979
            0.055556  0.096154  0.000000
  -21.690   -9.729   -6.215   -5.863    1.157    1.828    1.965    2.969    3.404    5.086
            0.066667  0.115385  0.000000
  -21.594   -9.614   -6.536   -6.062    1.289    1.961    2.099    3.102    3.537    5.218
            0.077778  0.134615  0.000000
  -21.481   -9.479   -6.888   -6.290    1.444    2.119    2.258    3.259    3.694    5.373
            0.088889  0.153846  0.000000
  -21.350   -9.323   -7.265   -6.545    1.623    2.300    2.441    3.440    3.875    5.553
            0.100000  0.173077  0.000000
  -21.202   -9.147   -7.658   -6.822    1.827    2.506    2.648    3.644    4.081    5.755
            0.111111  0.192308  0.000000
  -21.037   -8.951   -8.063   -7.119    2.054    2.735    2.880    3.873    4.311    5.981
            0.122222  0.211538  0.000000
  -20.855   -8.736   -8.475   -7.432    2.304    2.989    3.136    4.126    4.565    6.036
            0.133333  0.230769  0.000000
  -20.656   -8.890   -8.502   -7.759    2.579    3.266    3.417    4.402    4.843    5.559
            0.144444  0.250000  0.000000
  -20.441   -9.305   -8.249   -8.096    2.877    3.567    3.722    4.701    5.072    5.145
            0.155556  0.269231  0.000000
  -20.209   -9.718   -8.440   -7.979    3.199    3.892    4.051    4.578    5.024    5.471
            0.166667  0.288462  0.000000
  -19.960  -10.125   -8.790   -7.691    3.545    4.080    4.239    4.405    5.370    5.822
            0.177778  0.307692  0.000000
  -19.696  -10.526   -9.142   -7.386    3.582    3.913    4.610    4.783    5.739    6.196
            0.188889  0.326923  0.000000
  -19.416  -10.919   -9.494   -7.066    3.087    4.305    5.003    5.185    6.129    6.594
            0.200000  0.346154  0.000000
  -19.121  -11.303   -9.844   -6.732    2.597    4.720    5.417    5.612    6.540    7.016
            0.211111  0.365385  0.000000
  -18.811  -11.677  -10.190   -6.384    2.115    5.158    5.852    6.063    6.970    7.461
            0.222222  0.384615  0.000000
  -18.486  -12.040  -10.530   -6.024    1.641    5.617    6.304    6.538    7.417    7.929
            0.233333  0.403846  0.000000
  -18.149  -12.391  -10.862   -5.654    1.178    6.099    6.769    7.038    7.876    8.420
            0.244444  0.423077  0.000000
  -17.798  -12.730  -11.185   -5.276    0.727    6.601    7.239    7.562    8.337    8.933
            0.255556  0.442308  0.000000
  -17.437  -13.057  -11.496   -4.892    0.290    7.123    7.694    8.109    8.784    9.465
            0.266667  0.461538  0.000000
  -17.066  -13.370  -11.793   -4.506   -0.134    7.663    8.088    8.681    9.201   10.009
            0.277778  0.480769  0.000000
  -16.689  -13.671  -12.074   -4.119   -0.541    8.217    8.351    9.275    9.613   10.529
            0.288889  0.500000  0.000000
  -16.308  -13.957  -12.333   -3.737   -0.933    8.451    8.780    9.892   10.087   10.733
            0.300000  0.519231  0.000000
  -15.931  -14.230  -12.566   -3.363   -1.307    8.443    9.341   10.529   10.635   10.767
            0.311111  0.538462  0.000000
  -15.568  -14.488  -12.760   -3.000   -1.664    8.397    9.876   10.759   11.106   11.234
            0.322222  0.557692  0.000000
  -15.239  -14.733  -12.900   -2.655   -2.003    8.354   10.332   10.704   11.174   11.858
            0.333333  0.576923  0.000000
  -14.977  -14.958  -12.954   -2.336   -2.320    8.337   10.588   10.609   11.177   12.411
            0.338889  0.567308  0.000000
  -15.073  -14.874  -12.938   -2.477   -2.180    8.342   10.538   10.621   11.168   12.239
            0.344444  0.557692  0.000000
  -15.179  -14.804  -12.889   -2.625   -2.035    8.357   10.465   10.590   11.127   12.067
            0.350000  0.548077  0.000000
  -15.281  -14.763  -12.806   -2.768   -1.897    8.383   10.385   10.522   11.039   11.901
            0.355556  0.538462  0.000000
  -15.380  -14.748  -12.693   -2.907   -1.768    8.420   10.300   10.428   10.903   11.740
            0.361111  0.528846  0.000000
  -15.475  -14.755  -12.554   -3.040   -1.646    8.468   10.211   10.310   10.733   11.586
            0.366667  0.519231  0.000000
  -15.566  -14.779  -12.394   -3.169   -1.532    8.526   10.119   10.162   10.552   11.438
            0.372222  0.509615  0.000000
  -15.653  -14.815  -12.218   -3.293   -1.427    8.594    9.970   10.030   10.382   11.296
            0.377778  0.500000  0.000000
  -15.737  -14.859  -12.031   -3.411   -1.331    8.671    9.737    9.937   10.235   11.160
            0.383333  0.490385  0.000000
  -15.818  -14.909  -11.836   -3.525   -1.242    8.755    9.471    9.845   10.109   11.030
            0.388889  0.480769  0.000000
  -15.894  -14.961  -11.635   -3.633   -1.162    8.844    9.186    9.755    9.995   10.906
            0.394444  0.471154  0.000000
  -15.967  -15.016  -11.431   -3.736   -1.089    8.891    8.937    9.667    9.889   10.788
            0.400000  0.461538  0.000000
  -16.036  -15.070  -11.225   -3.834   -1.024    8.592    9.031    9.581    9.790   10.676
            0.405556  0.451923  0.000000
  -16.102  -15.125  -11.020   -3.927   -0.966    8.292    9.124    9.499    9.697   10.570
            0.411111  0.442308  0.000000
  -16.163  -15.178  -10.816   -4.015   -0.915    7.995    9.212    9.420    9.609   10.470
            0.416667  0.432692  0.000000
  -16.221  -15.229  -10.615   -4.097   -0.870    7.703    9.293    9.345    9.525   10.376
            0.422222  0.423077  0.000000
  -16.276  -15.278  -10.418   -4.174   -0.831    7.418    9.273    9.365    9.447   10.288
            0.427778  0.413462  0.000000
  -16.326  -15.324  -10.226   -4.246   -0.796    7.143    9.206    9.374    9.425   10.206
            0.433333  0.403846  0.000000
  -16.373  -15.368  -10.041   -4.313   -0.767    6.879    9.144    9.307    9.473   10.130
            0.438889  0.394231  0.000000
  -16.416  -15.409   -9.864   -4.374   -0.742    6.628    9.086    9.244    9.509   10.061
            0.444444  0.384615  0.000000
  -16.455  -15.446   -9.696   -4.431   -0.720    6.391    9.032    9.187    9.534    9.997
            0.450000  0.375000  0.000000
  -16.491  -15.481   -9.538   -4.481   -0.702    6.171    8.984    9.135    9.550    9.939
            0.455556  0.365385  0.000000
  -16.523  -15.512   -9.393   -4.527   -0.687    5.969    8.940    9.088    9.558    9.888
            0.461111  0.355769  0.000000
  -16.551  -15.539   -9.261   -4.567   -0.675    5.786    8.902    9.047    9.560    9.842
            0.466667  0.346154  0.000000
  -16.575  -15.563   -9.143   -4.602   -0.665    5.624    8.868    9.011    9.558    9.803
            0.472222  0.336538  0.000000
  -16.596  -15.584   -9.040   -4.631   -0.656    5.484    8.839    8.980    9.555    9.769
            0.477778  0.326923  0.000000
  -16.613  -15.600   -8.955   -4.655   -0.650    5.367    8.816    8.955    9.550    9.742
            0.483333  0.317308  0.000000
  -16.626  -15.613   -8.888   -4.674   -0.645    5.276    8.798    8.936    9.546    9.721
            0.488889  0.307692  0.000000
  -16.635  -15.623   -8.839   -4.688   -0.642    5.210    8.785    8.922    9.542    9.706
            0.494444  0.298077  0.000000
  -16.641  -15.628   -8.809   -4.696   -0.640    5.170    8.777    8.914    9.540    9.697
            0.500000  0.288462  0.000000
  -16.643  -15.630   -8.799   -4.698   -0.640    5.156    8.774    8.911    9.539    9.694
            0.483333  0.278846  0.000000
  -16.758  -15.505   -8.793   -4.742   -0.586    5.160    8.329    9.099    9.343    9.383
            0.466667  0.269231  0.000000
  -17.011  -15.223   -8.773   -4.865   -0.432    5.169    7.837    8.601    8.836    9.708
            0.450000  0.259615  0.000000
  -17.307  -14.878   -8.740   -5.052   -0.193    5.186    7.358    8.115    8.334    9.228
            0.433333  0.250000  0.000000
  -17.613  -14.503   -8.694   -5.285    0.110    5.208    6.895    7.644    7.849    8.760
            0.416667  0.240385  0.000000
  -17.919  -14.110   -8.635   -5.547    0.463    5.235    6.449    7.188    7.383    8.307
            0.400000  0.230769  0.000000
  -18.218  -13.705   -8.564   -5.827    0.852    5.264    6.023    6.750    6.935    7.870
            0.383333  0.221154  0.000000
  -18.508  -13.290   -8.480   -6.115    1.267    5.281    5.631    6.328    6.505    7.450
            0.366667  0.211538  0.000000
  -18.789  -12.867   -8.384   -6.406    1.702    5.134    5.425    5.923    6.095    7.047
            0.350000  0.201923  0.000000
  -19.060  -12.437   -8.276   -6.694    2.150    4.787    5.437    5.537    5.707    6.661
            0.333333  0.192308  0.000000
  -19.320  -12.002   -8.157   -6.978    2.606    4.430    5.168    5.311    5.505    6.293
            0.316667  0.182692  0.000000
  -19.568  -11.562   -8.028   -7.253    3.066    4.085    4.820    4.962    5.551    5.943
            0.300000  0.173077  0.000000
  -19.804  -11.120   -7.888   -7.520    3.522    3.757    4.495    4.625    5.603    5.612
            0.283333  0.163462  0.000000
  -20.029  -10.676   -7.776   -7.739    3.445    3.917    4.245    4.305    5.301    5.611
            0.266667  0.153846  0.000000
  -20.241  -10.232   -8.021   -7.581    3.151    3.823    4.003    4.486    5.021    5.404
            0.250000  0.144231  0.000000
  -20.441   -9.790   -8.253   -7.416    2.874    3.559    3.720    4.656    5.011    5.135
            0.233333  0.134615  0.000000
  -20.629   -9.352   -8.472   -7.245    2.615    3.301    3.454    4.430    4.876    5.416
            0.216667  0.125000  0.000000
  -20.804   -8.920   -8.677   -7.068    2.373    3.058    3.207    4.193    4.633    5.834
            0.200000  0.115385  0.000000
  -20.967   -8.869   -8.496   -6.889    2.150    2.832    2.978    3.969    4.407    6.000
            0.183333  0.105769  0.000000
  -21.117   -9.046   -8.083   -6.707    1.943    2.624    2.768    3.762    4.199    5.867
            0.166667  0.096154  0.000000
  -21.254   -9.208   -7.684   -6.527    1.755    2.434    2.575    3.573    4.009    5.683
            0.150000  0.086538  0.000000
  -21.378   -9.356   -7.304   -6.349    1.585    2.261    2.401    3.401    3.836    5.514
            0.133333  0.076923  0.000000
  -21.489   -9.489   -6.945   -6.177    1.433    2.107    2.246    3.247    3.682    5.362
            0.116667  0.067308  0.000000
  -21.588   -9.606   -6.612   -6.014    1.298    1.971    2.109    3.111    3.546    5.227
            0.100000  0.057692  0.000000
  -21.673   -9.708   -6.309   -5.862    1.181    1.853    1.989    2.994    3.428    5.111
            0.083333  0.048077  0.000000
  -21.745   -9.795   -6.042   -5.726    1.083    1.753    1.889    2.894    3.329    5.012
            0.066667  0.038462  0.000000
  -21.804   -9.865   -5.815   -5.608    1.002    1.671    1.806    2.812    3.247    4.931
            0.050000  0.028846  0.000000
  -21.850   -9.921   -5.633   -5.512    0.939    1.607    1.742    2.749    3.184    4.868
            0.033333  0.019231  0.000000
  -21.883   -9.960   -5.499   -5.441    0.894    1.562    1.697    2.703    3.138    4.823
            0.016667  0.009615  0.000000
  -21.903   -9.984   -5.419   -5.397    0.867    1.534    1.669    2.676    3.111    4.796
            0.000000  0.000000  0.000000
  -21.909   -9.992   -5.393   -5.380    0.858    1.525    1.660    2.667    3.102    4.787
